#PATH-POINTS-START Path
-121.414,-145.547,120,0
-119.414,-145.553,120
-117.414,-145.559,120
-115.414,-145.565,120
-113.414,-145.571,120
-111.414,-145.577,120
-109.414,-145.584,120
-107.414,-145.59,120
-105.414,-145.596,120
-103.414,-145.602,120
-101.414,-145.608,120
-99.414,-145.614,120
-97.414,-145.62,120
-95.414,-145.626,120
-93.414,-145.632,120
-91.414,-145.638,120
-89.414,-145.644,120
-87.414,-145.65,120
-85.414,-145.656,120
-83.414,-145.662,120
-81.414,-145.668,120
-79.414,-145.674,120
-77.414,-145.68,120
-75.414,-145.686,120
-73.414,-145.692,120
-71.414,-145.698,120
-69.414,-145.704,120
-67.414,-145.71,120
-65.414,-145.716,120
-63.414,-145.722,120
-61.414,-145.728,120
-59.414,-145.734,120
-57.414,-145.74,120
-55.414,-145.746,120
-53.414,-145.752,120
-51.414,-145.758,120
-49.414,-145.764,120
-47.414,-145.77,120
-45.414,-145.776,120
-43.414,-145.782,120
-41.414,-145.788,120
-39.414,-145.794,120
-37.414,-145.8,120
-35.414,-145.806,120
-33.414,-145.812,120
-31.414,-145.818,120
-29.414,-145.824,120
-27.414,-145.831,120
-25.414,-145.837,120
-23.415,-145.843,120
-21.415,-145.849,120
-19.415,-145.855,120
-17.415,-145.861,120
-15.415,-145.867,120
-13.415,-145.873,120
-11.415,-145.879,120
-9.415,-145.885,120
-7.415,-145.891,120
-5.415,-145.897,120
-3.415,-145.903,120
-1.415,-145.909,120
0.585,-145.915,120
2.585,-145.921,120
4.585,-145.927,120
6.585,-145.933,120
8.585,-145.939,120
10.585,-145.945,120
12.585,-145.951,120
14.585,-145.957,120
16.585,-145.963,120
18.585,-145.969,120
20.585,-145.975,120
22.585,-145.981,120
24.585,-145.987,120
26.585,-145.993,120
28.585,-145.999,120
30.585,-146.005,120
32.585,-146.011,120
34.585,-146.017,120
36.585,-146.023,120
38.585,-146.029,120
40.585,-146.035,120
42.585,-146.041,120
44.585,-146.047,120
46.585,-146.053,120
48.585,-146.059,120
50.585,-146.065,120
52.585,-146.071,120
54.585,-146.077,120
56.585,-146.084,120
58.585,-146.09,120
60.585,-146.096,120
62.585,-146.102,120
64.585,-146.108,120
66.585,-146.114,120
68.585,-146.12,120
70.585,-146.126,120
72.585,-146.132,120
74.585,-146.138,120
76.585,-146.144,120
78.585,-146.15,120
80.585,-146.156,120
82.585,-146.162,120
84.585,-146.168,120
86.585,-146.174,120
88.585,-146.18,120
90.585,-146.186,120
92.585,-146.192,120
94.585,-146.198,120
96.585,-146.204,120
98.585,-146.21,120,0
100.537,-146.019,120
102.309,-145.091,120
104.08,-144.163,120
105.852,-143.235,120
107.624,-142.307,120
109.395,-141.379,120
111.167,-140.451,120
112.939,-139.523,120
114.71,-138.595,120
116.482,-137.667,120
118.253,-136.739,120
120.025,-135.811,120
121.797,-134.883,120
123.568,-133.955,120
125.34,-133.027,120
127.112,-132.099,120
128.883,-131.171,120
130.655,-130.243,120
132.427,-129.315,120
134.198,-128.387,120
135.97,-127.459,120
137.742,-126.531,120
139.513,-125.603,120
141.285,-124.675,120
142.799,-123.438,120,0
144.027,-121.859,120
145.236,-120.266,120
146.423,-118.656,120
147.588,-117.031,120
148.73,-115.389,120
149.842,-113.727,120
150.922,-112.044,120
151.963,-110.336,120
152.959,-108.602,120
153.902,-106.838,120
154.782,-105.043,120
155.572,-103.206,120
156.263,-101.329,120
156.816,-99.408,98.226
157.193,-97.445,63.588
157.322,-95.451,40
157.117,-93.466,40
156.509,-91.566,40
155.458,-89.872,40
154.045,-88.463,40
152.384,-87.354,40
150.575,-86.504,40
148.684,-85.855,42.519
146.747,-85.361,62.144
144.782,-84.99,80.794
142.801,-84.719,98.167
140.81,-84.522,114.344
138.815,-84.389,120
136.817,-84.306,120
134.817,-84.268,120
132.817,-84.263,120
130.817,-84.29,120
128.818,-84.341,120
126.819,-84.412,120
124.821,-84.502,120
122.824,-84.606,120
120.827,-84.722,120
118.831,-84.846,120
116.836,-84.978,120
114.84,-85.116,120
112.845,-85.258,120
110.851,-85.4,120
108.856,-85.543,120
106.861,-85.685,120
104.865,-85.823,120
102.87,-85.957,120
100.874,-86.084,120
98.878,-86.203,120
96.881,-86.313,120
94.883,-86.412,120
92.885,-86.497,120
90.886,-86.569,120
88.887,-86.621,120
86.887,-86.655,120
84.887,-86.667,120
82.887,-86.655,120
80.888,-86.616,120
78.889,-86.544,120
76.892,-86.438,120
74.897,-86.294,120
72.906,-86.107,120
70.921,-85.865,120
68.942,-85.572,120
66.975,-85.213,120
65.023,-84.78,120
63.09,-84.268,120
61.186,-83.656,120
59.319,-82.939,109.597
57.504,-82.1,98.402
55.762,-81.12,88.113
54.111,-79.993,79.343,0
52.557,-78.734,120
51.032,-77.44,120
49.523,-76.128,120
48.031,-74.796,120
46.558,-73.443,120
45.106,-72.068,120
43.676,-70.67,120
42.271,-69.247,120
40.894,-67.797,120
39.546,-66.318,120
38.233,-64.81,120
36.958,-63.269,120
35.724,-61.695,120
34.536,-60.087,120
33.401,-58.44,120
32.322,-56.756,120
31.31,-55.031,120
30.367,-53.268,120
29.503,-51.464,120
28.728,-49.621,114.669
28.047,-47.74,107.809
27.469,-45.826,102.074
27.002,-43.882,97.606
26.65,-41.913,94.529
26.42,-39.927,92.931
26.313,-37.93,92.86
26.329,-35.931,94.316
26.467,-33.936,97.25
26.722,-31.952,101.573
27.089,-29.987,107.164
27.562,-28.044,113.895
28.132,-26.127,120
28.791,-24.239,120
29.531,-22.381,120
30.348,-20.555,120
31.229,-18.76,120
32.173,-16.997,120
33.17,-15.263,120
34.217,-13.56,120
35.309,-11.884,120
36.443,-10.236,120,0
37.627,-8.625,120
38.873,-7.061,120
40.181,-5.548,120
41.554,-4.094,120
42.995,-2.708,120
44.505,-1.396,120
46.082,-0.167,120
47.726,0.972,120
49.433,2.013,120
51.199,2.951,120
53.018,3.784,120
54.882,4.508,120
56.783,5.127,120
58.715,5.644,120
60.67,6.064,120
62.642,6.395,120
64.627,6.644,120
66.619,6.82,120
68.615,6.932,120
70.615,6.989,120
72.615,6.998,120
74.614,6.968,120
76.613,6.906,120
78.611,6.82,120
80.609,6.716,120
82.605,6.6,120
84.602,6.479,120
86.598,6.358,120
88.595,6.243,120
90.592,6.138,120
92.59,6.048,120
94.589,5.978,120
96.588,5.933,120
98.588,5.917,120
100.588,5.934,120
101.499,5.953,120,0
101.499,5.953,0,0
#PATH.JERRYIO-DATA {"appVersion":"0.4.1","format":"path.jerryio v0.1.x (cm, rpm)","gc":{"robotWidth":30,"robotHeight":30,"robotIsHolonomic":false,"showRobot":true,"uol":1,"pointDensity":2,"controlMagnetDistance":5,"fieldImage":{"displayName":"VRC 2024 - Over Under","signature":"VRC 2024 - Over Under","origin":{"__type":"built-in"}}},"paths":[{"segments":[{"controls":[{"uid":"MaEkXauRmv","x":-121.41406204697013,"y":-145.54737605102926,"lock":false,"visible":true,"heading":0,"__type":"end-point"},{"uid":"GOO6ReXEfO","x":100.16393157436936,"y":-146.21477964627425,"lock":false,"visible":true,"heading":0,"__type":"end-point"}],"speedProfiles":[],"uid":"J3LExcvrhb"},{"controls":[{"uid":"GOO6ReXEfO","x":100.16393157436936,"y":-146.21477964627425,"lock":false,"visible":true,"heading":0,"__type":"end-point"},{"uid":"zainZiC9SM","x":142.21035807480428,"y":-124.19046100318931,"lock":false,"visible":true,"heading":0,"__type":"end-point"}],"speedProfiles":[],"uid":"5NPtKcuzlh"},{"controls":[{"uid":"zainZiC9SM","x":142.21035807480428,"y":-124.19046100318931,"lock":false,"visible":true,"heading":0,"__type":"end-point"},{"uid":"lU9vW9OWXo","x":198.27226007538414,"y":-53.445679907219464,"lock":false,"visible":true,"__type":"control"},{"uid":"wpoxQd9MXh","x":82.4777363003769,"y":-103.50094955059436,"lock":false,"visible":true,"__type":"control"},{"uid":"V8t5aRXwjD","x":53.44567990721947,"y":-79.47442012177441,"lock":false,"visible":true,"heading":0,"__type":"end-point"}],"speedProfiles":[],"uid":"sbF24baZP2"},{"controls":[{"uid":"V8t5aRXwjD","x":53.44567990721947,"y":-79.47442012177441,"lock":false,"visible":true,"heading":0,"__type":"end-point"},{"uid":"H0QwN4sZi7","x":24.41362351406203,"y":-55.44789069295447,"lock":false,"visible":true,"__type":"control"},{"uid":"nrAZl6xAhG","x":18.74069295447955,"y":-35.759484633227004,"lock":false,"visible":true,"__type":"control"},{"uid":"ulb4Io9nfa","x":36.09318643084951,"y":-10.731849811539565,"lock":false,"visible":true,"heading":0,"__type":"end-point"}],"speedProfiles":[],"uid":"zBOys33RNU"},{"controls":[{"uid":"ulb4Io9nfa","x":36.09318643084951,"y":-10.731849811539565,"lock":false,"visible":true,"heading":0,"__type":"end-point"},{"uid":"OlqRvygT5a","x":53.445679907219464,"y":14.295785010147874,"lock":false,"visible":true,"__type":"control"},{"uid":"nSkyXBC78A","x":75.8037003479269,"y":5.285836474340399,"lock":false,"visible":true,"__type":"control"},{"uid":"xVqZIotDMe","x":101.49873876485935,"y":5.953240069585397,"lock":false,"visible":true,"heading":0,"__type":"end-point"}],"speedProfiles":[],"uid":"qiPw6Fmd50"}],"pc":{"speedLimit":{"minLimit":{"value":0,"label":"0"},"maxLimit":{"value":600,"label":"600"},"step":1,"from":40,"to":120},"bentRateApplicableRange":{"minLimit":{"value":0,"label":"0"},"maxLimit":{"value":4,"label":"4"},"step":0.01,"from":1.4,"to":1.8}},"name":"Path","uid":"26VgkxqZzI","lock":false,"visible":true}]}